WORLD_TO_MAP_X=7.84514287724
WORLD_TO_MAP_Y=-0.127332730763
WORLD_TO_MAP_YAW=-0.00794442453958
INITIAL_POSE_X=-0.154604668568
INITIAL_POSE_Y=-0.0637780029825
INITIAL_POSE_YAW=-0.00794442453958
